---
images/joseph-gonzalez-sm.jpg: 2022-03-13 11:41:55.026189600 +05:30
images/joseph-gonzalez.jpg: 2022-03-13 11:41:55.029278100 +05:30
images/image.png: 2022-03-15 11:59:15.375020900 +05:30
images/logo.png: 2022-03-15 11:59:15.375020900 +05:30
images/fav/android-chrome-192x192.png: 2022-03-20 19:29:52.403766800 +05:30
images/fav/android-chrome-256x256.png: 2022-03-20 19:29:52.367769100 +05:30
images/fav/apple-touch-icon.png: 2022-03-20 19:29:52.624771100 +05:30
images/fav/favicon-16x16.png: 2022-03-20 19:29:52.476768300 +05:30
images/fav/favicon-32x32.png: 2022-03-20 19:29:52.692769600 +05:30
images/fav/mstile-150x150.png: 2022-03-20 19:29:52.447771000 +05:30
