---
images/joseph-gonzalez-sm.jpg: 2022-03-13 11:41:55.026189600 +05:30
images/joseph-gonzalez.jpg: 2022-03-13 11:41:55.029278100 +05:30
