---
images/joseph-gonzalez-sm.jpg: 2022-03-13 11:41:55.026189600 +05:30
images/joseph-gonzalez.jpg: 2022-03-13 11:41:55.029278100 +05:30
images/image.png: 2022-03-15 11:59:15.375020900 +05:30
images/logo.png: 2022-03-15 11:59:15.375020900 +05:30
images/fav/android-chrome-192x192.png: 2022-03-20 19:29:52.403766800 +05:30
images/fav/android-chrome-256x256.png: 2022-03-20 19:29:52.367769100 +05:30
images/fav/apple-touch-icon.png: 2022-03-20 19:29:52.624771100 +05:30
images/fav/favicon-16x16.png: 2022-03-20 19:29:52.476768300 +05:30
images/fav/favicon-32x32.png: 2022-03-20 19:29:52.692769600 +05:30
images/fav/mstile-150x150.png: 2022-03-20 19:29:52.447771000 +05:30
images/doc.png: 2022-03-23 11:52:48.804132100 +05:30
images/exmpl.png: 2022-03-23 11:52:48.822134700 +05:30
images/home.png: 2022-03-23 11:52:48.842136300 +05:30
images/logo-icon.png: 2022-03-23 11:52:48.860136400 +05:30
images/logo-icon2.png: 2022-03-23 11:52:48.879136800 +05:30
images/logo-searchain.png: 2022-03-23 11:52:48.899133200 +05:30
images/news.png: 2022-03-23 11:52:48.919133300 +05:30
images/searchain2.png: 2022-03-23 11:52:48.962136700 +05:30
images/setting-logo.png: 2022-03-23 11:52:48.981134700 +05:30
images/smith.png: 2022-03-23 11:52:49.000135800 +05:30
images/stripe.png: 2022-03-23 11:52:49.023135800 +05:30
